              clusters_total  hidepth_min clusters_hidepth avg_depth_total avg_depth_mj avg_depth_stat sd_depth_total sd_depth_mj sd_depth_stat
13_TX2016_043         203003          6.0            10849            2.91        27.02          27.02          47.48      203.86        203.86
42_TX2016_046          99758          6.0             4305            2.63        29.70          29.70          43.67      208.34        208.34
59_TX2016_048          93409          6.0             3752            2.55        29.78          29.78          42.68      211.07        211.07
6_TX2017_027          216153          6.0            12053            2.91        25.51          25.51          45.99      193.33        193.33
82_TX2016_049          33984          6.0             1540            2.67        30.01          30.01          29.38      135.11        135.11
8_TX2017_028          436346          6.0            38193            4.04        28.10          28.10         104.84      353.45        353.45
Bermuda_100           191361          6.0            13577            4.07        37.04          37.04         127.65      477.98        477.98
Bermuda_103           160256          6.0            11729            4.49        41.64          41.64         123.52      454.93        454.93
Bermuda_15            120439          6.0             8626            3.80        32.45          32.45          79.54      295.71        295.71
Bermuda_19            190964          6.0            10826            3.11        28.08          28.08          40.72      169.05        169.05
Bermuda_28            115132          6.0             5447            2.82        28.63          28.63          47.01      214.45        214.45
Bermuda_30            163859          6.0            11714            4.09        36.35          36.35         167.27      624.70        624.70
Bermuda_54            114925          6.0             4860            2.53        25.45          25.45          35.53      171.12        171.12
Bermuda_55            313869          6.0            30146            4.88        34.35          34.35         156.52      504.07        504.07
Bermuda_63            124526          6.0             8340            3.92        36.76          36.76         112.92      435.01        435.01
Bermuda_65            127306          6.0             7892            3.24        28.84          28.84          63.29      252.80        252.80
Bermuda_67            210977          6.0            19199            4.29        30.71          30.71         142.36      471.10        471.10
Bermuda_68            187468          6.0            11088            3.30        31.34          31.34          70.91      290.09        290.09
Bermuda_69            238693          6.0            16022            3.71        33.07          33.07          98.43      378.68        378.68
Bermuda_79            108421          6.0             4103            2.50        28.71          28.71          40.00      203.82        203.82
Bermuda_8             145454          6.0            10556            4.19        37.86          37.86         144.16      533.97        533.97
Bermuda_80            159280          6.0             8152            2.87        27.57          27.57          63.95      281.49        281.49
Bermuda_81            178380          6.0            12500            3.97        35.34          35.34         163.71      617.56        617.56
Bermuda_83            176898          6.0            12892            4.23        37.64          37.64         102.11      376.61        376.61
Bermuda_84            198775          6.0            11031            3.34        34.22          34.22         109.26      462.68        462.68
Bermuda_85            107137          6.0             5721            3.05        31.07          31.07          68.65      295.65        295.65
Bermuda_94            115528          6.0             6213            3.11        31.92          31.92          78.84      338.66        338.66
Guam_104460            90296          6.0             7191            4.97        45.24          45.24         148.59      524.85        524.85
Guam_104461            85791          6.0             5334            4.15        44.85          44.85         125.50      501.55        501.55
Guam_104464            72260          6.0             5287            4.94        49.21          49.21         126.05      463.71        463.71
Guam_104465           160025          6.0            13003            5.07        45.03          45.03         187.18      655.31        655.31
South_Africa           88315          6.0             5621            5.28        61.59          61.59         353.78     1401.12       1401.12