
## The number of loci caught by each filter.
## ipyrad API location: [assembly].stats_dfs.s7_filters

                           total_filters applied_order retained_loci
total_prefiltered_loci                 0             0        105708
filtered_by_rm_duplicates              0             0        105708
filtered_by_max_indels                 0             0        105708
filtered_by_max_SNPs                  89            89        105619
filtered_by_max_shared_het          1312          1269        104350
filtered_by_min_sample             82693         82693         21657
total_filtered_loci                84094         84051         21657


## The number of loci recovered for each Sample.
## ipyrad API location: [assembly].stats_dfs.s7_samples

               sample_coverage
reference                21657
13_TX2016_043             6624
42_TX2016_046             5358
59_TX2016_048             4417
6_TX2017_027              6075
82_TX2016_049             2486
8_TX2017_028             11693
Bermuda_100              12302
Bermuda_103              11969
Bermuda_15                8058
Bermuda_19                2724
Bermuda_28                4243
Bermuda_30                9469
Bermuda_54                2949
Bermuda_55               14309
Bermuda_63                7191
Bermuda_65                8251
Bermuda_67               12913
Bermuda_68                8435
Bermuda_69               10176
Bermuda_79                2492
Bermuda_8                10061
Bermuda_80                6190
Bermuda_81                8540
Bermuda_83               10074
Bermuda_84                9414
Bermuda_85                7476
Bermuda_94                7642
Guam_104460               4852
Guam_104461               3765
Guam_104464               4315
Guam_104465               5613
South_Africa              2448


## The number of loci for which N taxa have data.
## ipyrad API location: [assembly].stats_dfs.s7_loci

    locus_coverage  sum_coverage
1                0             0
2                0             0
3                0             0
4             3973          3973
5             2485          6458
6             1868          8326
7             1534          9860
8             1214         11074
9             1076         12150
10             914         13064
11             815         13879
12             712         14591
13             674         15265
14             614         15879
15             589         16468
16             546         17014
17             519         17533
18             536         18069
19             433         18502
20             482         18984
21             462         19446
22             372         19818
23             417         20235
24             340         20575
25             308         20883
26             233         21116
27             154         21270
28             126         21396
29              97         21493
30              66         21559
31              61         21620
32              37         21657
33               0         21657


The distribution of SNPs (var and pis) per locus.
## var = Number of loci with n variable sites (pis + autapomorphies)
## pis = Number of loci with n parsimony informative site (minor allele in >1 sample)
## ipyrad API location: [assembly].stats_dfs.s7_snps
## The "reference" sample is included if present unless 'exclude_reference=True'

      var  sum_var   pis  sum_pis
0    2530        0  8767        0
1    2293     2293  3532     3532
2    1965     6223  2276     8084
3    1643    11152  1431    12377
4    1397    16740  1050    16577
5    1168    22580   786    20507
6    1031    28766   634    24311
7     869    34849   504    27839
8     823    41433   431    31287
9     672    47481   368    34599
10    645    53931   287    37469
11    568    60179   259    40318
12    527    66503   210    42838
13    444    72275   170    45048
14    435    78365   142    47036
15    428    84785   114    48746
16    328    90033   125    50746
17    354    96051    96    52378
18    296   101379    62    53494
19    266   106433    68    54786
20    242   111273    49    55766
21    223   115956    39    56585
22    193   120202    40    57465
23    191   124595    26    58063
24    180   128915    28    58735
25    171   133190    26    59385
26    158   137298    18    59853
27    154   141456    16    60285
28    115   144676    14    60677
29    103   147663    10    60967
30     87   150273     6    61147
31     74   152567    10    61457
32     70   154807     6    61649
33     67   157018     5    61814
34     59   159024     5    61984
35     65   161299     4    62124
36     60   163459     3    62232
37     54   165457     2    62306
38     54   167509     6    62534
39     48   169381     0    62534
40     46   171221     3    62654
41     49   173230     1    62695
42     38   174826     1    62737
43     25   175901     3    62866
44     28   177133     1    62910
45     39   178888     1    62955
46     22   179900     0    62955
47     30   181310     1    63002
48     26   182558     4    63194
49     23   183685     0    63194
50     21   184735     2    63294
51     18   185653     0    63294
52     16   186485     2    63398
53     16   187333     0    63398
54     15   188143     2    63506
55     13   188858     0    63506
56     13   189586     0    63506
57      8   190042     1    63563
58      6   190390     0    63563
59      8   190862     0    63563
60      9   191402     0    63563
61      5   191707     0    63563
62      7   192141     0    63563
63      4   192393     1    63626
64      3   192585     2    63754
65      7   193040     0    63754
66      1   193106     0    63754
67      1   193173     1    63821
68      5   193513     0    63821
69      3   193720     0    63821
70      2   193860     0    63821
71      4   194144     0    63821
72      6   194576     0    63821
73      4   194868     0    63821
74      4   195164     0    63821
75      1   195239     0    63821
76      5   195619     0    63821
77      1   195696     0    63821
78      4   196008     1    63899
79      1   196087     0    63899
80      2   196247     0    63899
81      1   196328     0    63899
82      3   196574     0    63899
83      3   196823     0    63899
84      2   196991     0    63899
85      0   196991     0    63899
86      2   197163     0    63899
87      1   197250     1    63986
88      0   197250     0    63986
89      1   197339     0    63986
90      1   197429     0    63986
91      1   197520     0    63986
92      3   197796     0    63986
93      0   197796     1    64079
94      1   197890     1    64173
95      0   197890     0    64173
96      1   197986     0    64173
97      1   198083     0    64173
98      0   198083     0    64173
99      0   198083     0    64173
100     1   198183     0    64173
101     0   198183     0    64173
102     1   198285     1    64275
103     1   198388     0    64275
104     0   198388     0    64275
105     0   198388     0    64275
106     3   198706     0    64275
107     0   198706     0    64275
108     1   198814     0    64275
109     1   198923     0    64275
110     3   199253     0    64275
111     1   199364     0    64275
112     2   199588     0    64275
113     0   199588     0    64275
114     1   199702     0    64275
115     1   199817     1    64390
116     0   199817     0    64390
117     0   199817     0    64390
118     1   199935     0    64390
119     1   200054     0    64390
120     0   200054     0    64390
121     0   200054     0    64390
122     1   200176     0    64390
123     0   200176     0    64390
124     1   200300     0    64390
125     0   200300     0    64390
126     0   200300     0    64390
127     1   200427     0    64390
128     0   200427     0    64390
129     1   200556     0    64390
130     0   200556     0    64390
131     0   200556     0    64390
132     0   200556     0    64390
133     1   200689     0    64390
134     1   200823     0    64390
135     0   200823     0    64390
136     0   200823     0    64390
137     1   200960     0    64390
138     1   201098     0    64390
139     0   201098     0    64390
140     1   201238     0    64390
141     0   201238     0    64390
142     0   201238     0    64390
143     1   201381     0    64390
144     0   201381     0    64390
145     1   201526     0    64390
146     0   201526     0    64390
147     1   201673     0    64390
148     1   201821     0    64390
149     0   201821     0    64390
150     0   201821     0    64390
151     0   201821     0    64390
152     0   201821     0    64390
153     0   201821     0    64390
154     1   201975     0    64390
155     0   201975     0    64390
156     0   201975     0    64390
157     1   202132     0    64390
158     0   202132     0    64390
159     0   202132     0    64390
160     0   202132     0    64390
161     0   202132     0    64390
162     0   202132     0    64390
163     1   202295     0    64390
164     0   202295     0    64390
165     1   202460     0    64390
166     0   202460     0    64390
167     1   202627     0    64390
168     0   202627     0    64390
169     0   202627     0    64390
170     0   202627     0    64390
171     0   202627     0    64390
172     0   202627     0    64390
173     0   202627     0    64390
174     0   202627     0    64390
175     0   202627     0    64390
176     0   202627     0    64390
177     0   202627     0    64390
178     0   202627     0    64390
179     0   202627     0    64390
180     0   202627     0    64390
181     1   202808     0    64390
182     0   202808     0    64390
183     0   202808     0    64390
184     0   202808     0    64390
185     0   202808     0    64390
186     0   202808     0    64390
187     0   202808     0    64390
188     0   202808     0    64390
189     0   202808     0    64390
190     0   202808     0    64390
191     0   202808     0    64390
192     1   203000     0    64390
193     0   203000     0    64390
194     0   203000     0    64390
195     0   203000     0    64390
196     1   203196     0    64390
197     0   203196     0    64390
198     0   203196     0    64390
199     0   203196     0    64390
200     0   203196     0    64390
201     0   203196     0    64390
202     0   203196     0    64390
203     0   203196     0    64390
204     0   203196     0    64390
205     0   203196     0    64390
206     0   203196     0    64390
207     0   203196     0    64390
208     0   203196     0    64390
209     0   203196     0    64390
210     0   203196     0    64390
211     0   203196     0    64390
212     0   203196     0    64390
213     0   203196     0    64390
214     1   203410     0    64390
215     0   203410     0    64390
216     0   203410     0    64390
217     0   203410     0    64390
218     0   203410     0    64390
219     0   203410     0    64390
220     0   203410     0    64390
221     0   203410     0    64390
222     0   203410     0    64390
223     1   203633     0    64390
224     0   203633     0    64390
225     0   203633     0    64390
226     0   203633     0    64390
227     0   203633     0    64390
228     0   203633     0    64390
229     0   203633     0    64390
230     0   203633     0    64390
231     1   203864     0    64390
232     0   203864     0    64390
233     0   203864     0    64390
234     0   203864     0    64390
235     0   203864     0    64390
236     0   203864     0    64390
237     0   203864     0    64390
238     1   204102     0    64390
239     0   204102     0    64390
240     0   204102     0    64390
241     0   204102     0    64390
242     0   204102     0    64390
243     0   204102     0    64390
244     0   204102     0    64390
245     0   204102     0    64390
246     0   204102     0    64390
247     0   204102     0    64390
248     0   204102     0    64390
249     0   204102     0    64390
250     0   204102     0    64390
251     0   204102     0    64390
252     1   204354     0    64390
253     0   204354     0    64390
254     0   204354     0    64390
255     0   204354     0    64390
256     0   204354     0    64390
257     0   204354     0    64390
258     0   204354     0    64390
259     0   204354     0    64390
260     0   204354     0    64390
261     0   204354     0    64390
262     0   204354     0    64390
263     0   204354     0    64390
264     0   204354     0    64390
265     0   204354     0    64390
266     0   204354     0    64390
267     0   204354     0    64390
268     0   204354     0    64390
269     0   204354     0    64390
270     0   204354     0    64390
271     0   204354     0    64390
272     0   204354     0    64390
273     0   204354     0    64390
274     0   204354     0    64390
275     0   204354     0    64390
276     0   204354     0    64390
277     0   204354     0    64390
278     0   204354     0    64390
279     0   204354     0    64390
280     0   204354     0    64390
281     0   204354     0    64390
282     0   204354     0    64390
283     0   204354     0    64390
284     1   204638     0    64390
285     0   204638     0    64390
286     0   204638     0    64390
287     0   204638     0    64390
288     0   204638     0    64390
289     0   204638     0    64390
290     0   204638     0    64390
291     0   204638     0    64390
292     0   204638     0    64390
293     0   204638     0    64390
294     0   204638     0    64390
295     0   204638     0    64390
296     0   204638     0    64390
297     1   204935     0    64390
298     0   204935     0    64390
299     0   204935     0    64390
300     0   204935     0    64390
301     0   204935     0    64390
302     0   204935     0    64390
303     0   204935     0    64390
304     0   204935     0    64390
305     0   204935     0    64390
306     0   204935     0    64390
307     0   204935     0    64390
308     0   204935     0    64390
309     0   204935     0    64390
310     0   204935     0    64390
311     0   204935     0    64390
312     0   204935     0    64390
313     0   204935     0    64390
314     0   204935     0    64390
315     1   205250     0    64390


## Final Sample stats summary
               state  reads_raw  reads_passed_filter  refseq_mapped_reads  refseq_unmapped_reads  clusters_total  clusters_hidepth  hetero_est  error_est  reads_consens  loci_in_assembly
13_TX2016_043      7    2314090              2276699               774251                1502448          372588             12404    0.006218   0.004456           9053              6624
42_TX2016_046      7    2625730              2621504               333652                2287852          160496              7084    0.005858   0.004764           6647              5358
59_TX2016_048      7    2508914              2503578               283569                2220009          145230              5608    0.005586   0.005082           5253              4417
6_TX2017_027       7    1449142              1410321               886779                 523542          423861             15603    0.008558   0.004084           9634              6075
82_TX2016_049      7     414245               411433               146402                 265031           71094              3229    0.006157   0.005128           2989              2486
8_TX2017_028       7   11423322             11371391              1937502                9433889          735436             36474    0.007394   0.004745          22046             11693
Bermuda_100        7   13257461             13232645               937227               12295418          301693             19211    0.005014   0.004596          17518             12302
Bermuda_103        7    2926800              2886892              1000701                1886191          303447             20608    0.006228   0.004738          16776             11969
Bermuda_15         7    2591935              2586881               666044                1920837          239661             14005    0.005970   0.003621          11053              8058
Bermuda_19         7    1555702              1488934               792430                 696504          372072             10913    0.009389   0.003273           6018              2724
Bermuda_28         7    5478100              5466992               367656                5099336          177119              6486    0.006275   0.004579           5773              4243
Bermuda_30         7    2940245              2905831               863479                2042352          304718             16537    0.005495   0.004690          13107              9469
Bermuda_54         7    3892497              3883780               324160                3559620          177538              4748    0.007211   0.005522           4048              2949
Bermuda_55         7    6629955              6546158              2008178                4537980          585767             40738    0.007220   0.003885          25466             14309
Bermuda_63         7    1814210              1784583               606219                1178364          241587             11499    0.005809   0.005002           9607              7191
Bermuda_65         7    2975746              2966949               570592                2396357          232189             13072    0.005777   0.004837          11216              8251
Bermuda_67         7    6643315              6629904              1320919                5308985          405633             38092    0.007058   0.004907          31136             12913
Bermuda_68         7    3981159              3966491               744717                3221774          321527             12671    0.005633   0.004917          11041              8435
Bermuda_69         7    8996284              8980480              1036610                7943870          415313             17759    0.005300   0.004194          14426             10176
Bermuda_79         7    3444035              3433656               284867                3148789          159701              3855    0.006778   0.006105           3366              2492
Bermuda_8          7    1903198              1889715               869811                1019904          300194             17696    0.006093   0.004511          14466             10061
Bermuda_80         7   10150637             10137179               508848                9628331          251200              9735    0.006222   0.005666           8399              6190
Bermuda_81         7    1808886              1754828               937765                 817063          344152             17207    0.006129   0.004755          12357              8540
Bermuda_83         7    2573675              2541077              1056119                1484958          326085             17708    0.005671   0.003951          13920             10074
Bermuda_84         7    3229842              3211476               876338                2335138          364138             15132    0.005121   0.004793          12414              9414
Bermuda_85         7    1713390              1709969               513685                1196284          223755             11328    0.006271   0.004780           9638              7476
Bermuda_94         7    3481245              3465535               459108                3006427          194240              9981    0.005221   0.004884           9228              7642
Guam_104460        7    6935928              6929513               566554                6362959          132534             10871    0.011023   0.005712          10210              4852
Guam_104461        7    6294242              6286474               380028                5906446          118456              7577    0.010672   0.006170           7108              3765
Guam_104464        7    3828726              3824148               465042                3359106          112983              9079    0.010224   0.005852           8605              4315
Guam_104465        7   12720657             12706334               977926               11728408          239066             15298    0.012214   0.005497          13597              5613
South_Africa       7    6778201              6766971               659257                6107714          125284              7495    0.011663   0.005766           6787              2448


## Alignment matrix statistics:
snps matrix size: (33, 205250), 61.05% missing sites.
sequence matrix size: (33, 7281064), 69.84% missing sites.
