              clusters_total  hidepth_min clusters_hidepth avg_depth_total avg_depth_mj avg_depth_stat sd_depth_total sd_depth_mj sd_depth_stat
13_TX2016_043         372588          6.0            12404            2.08        19.16          19.16          23.53      127.68        127.68
42_TX2016_046         160496          6.0             7084            2.08        17.44          17.44          19.77       92.72         92.72
59_TX2016_048         145230          6.0             5608            1.95        17.34          17.34          20.74      104.30        104.30
6_TX2017_027          423861          6.0            15603            2.09        16.44          16.44          18.04       92.79         92.79
82_TX2016_049          71094          6.0             3229            2.06        16.80          16.80          17.71       81.64         81.64
8_TX2017_028          735436          6.0            36474            2.63        21.52          21.52          46.31      206.99        206.99
Bermuda_100           301693          6.0            19211            3.11        27.53          27.53          61.12      240.85        240.85
Bermuda_103           303447          6.0            20608            3.30        27.70          27.70          52.82      201.09        201.09
Bermuda_15            239661          6.0            14005            2.78        22.72          22.72          32.19      131.51        131.51
Bermuda_19            372072          6.0            10913            2.13        21.02          21.02          34.87      202.65        202.65
Bermuda_28            177119          6.0             6486            2.08        18.07          18.07          18.87       97.16         97.16
Bermuda_30            304718          6.0            16537            2.83        25.37          25.37          70.88      303.34        303.34
Bermuda_54            177538          6.0             4748            1.83        15.69          15.69          16.68      100.86        100.86
Bermuda_55            585767          6.0            40738            3.43        26.68          26.68          77.33      292.23        292.23
Bermuda_63            241587          6.0            11499            2.51        22.82          22.82          45.74      208.57        208.57
Bermuda_65            232189          6.0            13072            2.46        18.49          18.49          20.68       85.52         85.52
Bermuda_67            405633          6.0            38092            3.26        19.13          19.13          28.46       91.33         91.33
Bermuda_68            321527          6.0            12671            2.32        23.56          23.56          39.58      198.18        198.18
Bermuda_69            415313          6.0            17759            2.50        24.49          24.49          49.13      236.49        236.49
Bermuda_79            159701          6.0             3855            1.78        17.75          17.75          15.18       96.21         96.21
Bermuda_8             300194          6.0            17696            2.90        24.91          24.91          58.03      237.91        237.91
Bermuda_80            251200          6.0             9735            2.03        15.91          15.91          17.85       89.46         89.46
Bermuda_81            344152          6.0            17207            2.72        25.03          25.03          72.00      321.16        321.16
Bermuda_83            326085          6.0            17708            3.24        32.89          32.89          48.53      205.99        205.99
Bermuda_84            364138          6.0            15132            2.41        24.02          24.02          50.25      245.49        245.49
Bermuda_85            223755          6.0            11328            2.30        17.88          17.88          26.17      115.14        115.14
Bermuda_94            194240          6.0             9981            2.36        20.36          20.36          27.09      118.01        118.01
Guam_104460           132534          6.0            10871            4.27        36.47          36.47          77.06      266.93        266.93
Guam_104461           118456          6.0             7577            3.21        30.14          30.14          61.03      239.69        239.69
Guam_104464           112983          6.0             9079            4.12        35.50          35.50          78.22      273.98        273.98
Guam_104465           239066          6.0            15298            4.09        42.82          42.82          90.79      356.66        356.66
South_Africa          125284          6.0             7495            5.26        66.48          66.48         260.70     1064.00       1064.00