
## The number of loci caught by each filter.
## ipyrad API location: [assembly].stats_dfs.s7_filters

                           total_filters applied_order retained_loci
total_prefiltered_loci                 0             0         54401
filtered_by_rm_duplicates              0             0         54401
filtered_by_max_indels                 0             0         54401
filtered_by_max_SNPs                  38            38         54363
filtered_by_max_shared_het          1228          1207         53156
filtered_by_min_sample             40919         40919         12237
total_filtered_loci                42185         42164         12237


## The number of loci recovered for each Sample.
## ipyrad API location: [assembly].stats_dfs.s7_samples

               sample_coverage
reference                12237
13_TX2016_043             3895
42_TX2016_046             2236
59_TX2016_048             1893
6_TX2017_027              3964
82_TX2016_049              907
8_TX2017_028              8083
Bermuda_100               6183
Bermuda_103               5431
Bermuda_15                3928
Bermuda_19                2200
Bermuda_28                2217
Bermuda_30                4669
Bermuda_54                1783
Bermuda_55                8339
Bermuda_63                3574
Bermuda_65                3822
Bermuda_67                6515
Bermuda_68                4569
Bermuda_69                6194
Bermuda_79                1558
Bermuda_8                 4732
Bermuda_80                3426
Bermuda_81                4557
Bermuda_83                5229
Bermuda_84                4970
Bermuda_85                3140
Bermuda_94                3336
Guam_104460               3000
Guam_104461               2303
Guam_104464               2344
Guam_104465               4235
South_Africa              1770


## The number of loci for which N taxa have data.
## ipyrad API location: [assembly].stats_dfs.s7_loci

    locus_coverage  sum_coverage
1                0             0
2                0             0
3                0             0
4             2234          2234
5             1554          3788
6             1139          4927
7              942          5869
8              816          6685
9              707          7392
10             566          7958
11             497          8455
12             440          8895
13             377          9272
14             304          9576
15             272          9848
16             240         10088
17             246         10334
18             194         10528
19             200         10728
20             178         10906
21             195         11101
22             163         11264
23             138         11402
24             151         11553
25             126         11679
26             128         11807
27             112         11919
28              75         11994
29              63         12057
30              72         12129
31              65         12194
32              43         12237
33               0         12237


The distribution of SNPs (var and pis) per locus.
## var = Number of loci with n variable sites (pis + autapomorphies)
## pis = Number of loci with n parsimony informative site (minor allele in >1 sample)
## ipyrad API location: [assembly].stats_dfs.s7_snps
## The "reference" sample is included if present unless 'exclude_reference=True'

      var  sum_var   pis  sum_pis
0    1780        0  5527        0
1    1444     1444  2223     2223
2    1239     3922  1196     4615
3    1065     7117   714     6757
4     806    10341   528     8869
5     650    13591   393    10834
6     619    17305   307    12676
7     507    20854   223    14237
8     425    24254   178    15661
9     364    27530   151    17020
10    306    30590   126    18280
11    304    33934   101    19391
12    232    36718    87    20435
13    227    39669    56    21163
14    208    42581    55    21933
15    160    44981    46    22623
16    171    47717    40    23263
17    157    50386    37    23892
18    131    52744    28    24396
19    139    55385    22    24814
20    101    57405    24    25294
21     97    59442    23    25777
22     83    61268    13    26063
23     70    62878    17    26454
24     71    64582    20    26934
25     64    66182    10    27184
26     68    67950    14    27548
27     56    69462    10    27818
28     58    71086     5    27958
29     48    72478     3    28045
30     35    73528     8    28285
31     47    74985    14    28719
32     37    76169     4    28847
33     24    76961     4    28979
34     26    77845     3    29081
35     17    78440     1    29116
36     30    79520     3    29224
37     24    80408     0    29224
38     20    81168     3    29338
39     11    81597     4    29494
40     22    82477     1    29534
41     17    83174     3    29657
42     16    83846     0    29657
43     14    84448     0    29657
44     17    85196     1    29701
45     15    85871     0    29701
46     13    86469     1    29747
47     11    86986     1    29794
48     11    87514     2    29890
49     11    88053     0    29890
50      7    88403     1    29940
51      7    88760     0    29940
52     11    89332     1    29992
53      6    89650     1    30045
54      3    89812     0    30045
55     10    90362     0    30045
56      3    90530     0    30045
57      5    90815     0    30045
58      7    91221     0    30045
59      7    91634     0    30045
60      8    92114     0    30045
61      3    92297     0    30045
62      5    92607     0    30045
63      4    92859     1    30108
64      5    93179     0    30108
65      2    93309     0    30108
66      2    93441     0    30108
67      0    93441     0    30108
68      2    93577     0    30108
69      0    93577     0    30108
70      1    93647     1    30178
71      2    93789     0    30178
72      3    94005     0    30178
73      0    94005     0    30178
74      2    94153     0    30178
75      1    94228     0    30178
76      1    94304     0    30178
77      2    94458     0    30178
78      4    94770     0    30178
79      2    94928     0    30178
80      1    95008     0    30178
81      1    95089     0    30178
82      1    95171     1    30260
83      2    95337     0    30260
84      1    95421     0    30260
85      1    95506     0    30260
86      0    95506     0    30260
87      0    95506     0    30260
88      1    95594     0    30260
89      0    95594     0    30260
90      1    95684     0    30260
91      0    95684     0    30260
92      0    95684     0    30260
93      1    95777     0    30260
94      1    95871     0    30260
95      1    95966     0    30260
96      1    96062     0    30260
97      0    96062     0    30260
98      4    96454     0    30260
99      0    96454     0    30260
100     0    96454     0    30260
101     0    96454     1    30361
102     1    96556     0    30361
103     0    96556     0    30361
104     1    96660     0    30361
105     0    96660     0    30361
106     0    96660     0    30361
107     0    96660     0    30361
108     1    96768     0    30361
109     1    96877     0    30361
110     0    96877     0    30361
111     1    96988     0    30361
112     3    97324     0    30361
113     0    97324     0    30361
114     0    97324     0    30361
115     0    97324     0    30361
116     2    97556     0    30361
117     0    97556     0    30361
118     2    97792     0    30361
119     0    97792     0    30361
120     1    97912     0    30361
121     3    98275     0    30361
122     1    98397     0    30361
123     0    98397     0    30361
124     0    98397     0    30361
125     0    98397     0    30361
126     0    98397     0    30361
127     0    98397     0    30361
128     0    98397     0    30361
129     1    98526     0    30361
130     2    98786     0    30361
131     1    98917     0    30361
132     0    98917     0    30361
133     0    98917     0    30361
134     0    98917     0    30361
135     0    98917     0    30361
136     1    99053     0    30361
137     0    99053     0    30361
138     1    99191     0    30361
139     0    99191     0    30361
140     0    99191     0    30361
141     0    99191     0    30361
142     1    99333     0    30361
143     0    99333     0    30361
144     0    99333     0    30361
145     0    99333     0    30361
146     3    99771     0    30361
147     0    99771     0    30361
148     0    99771     0    30361
149     1    99920     0    30361
150     0    99920     0    30361
151     0    99920     0    30361
152     0    99920     0    30361
153     1   100073     0    30361
154     0   100073     0    30361
155     1   100228     0    30361
156     0   100228     0    30361
157     1   100385     0    30361
158     0   100385     0    30361
159     0   100385     0    30361
160     0   100385     0    30361
161     0   100385     0    30361
162     0   100385     0    30361
163     0   100385     0    30361
164     0   100385     0    30361
165     0   100385     0    30361
166     0   100385     0    30361
167     0   100385     0    30361
168     0   100385     0    30361
169     0   100385     0    30361
170     0   100385     0    30361
171     0   100385     0    30361
172     0   100385     0    30361
173     0   100385     0    30361
174     0   100385     0    30361
175     0   100385     0    30361
176     0   100385     0    30361
177     0   100385     0    30361
178     0   100385     0    30361
179     0   100385     0    30361
180     0   100385     0    30361
181     1   100566     0    30361
182     0   100566     0    30361
183     0   100566     0    30361
184     0   100566     0    30361
185     0   100566     0    30361
186     0   100566     0    30361
187     1   100753     0    30361
188     0   100753     0    30361
189     0   100753     0    30361
190     1   100943     0    30361
191     0   100943     0    30361
192     0   100943     0    30361
193     0   100943     0    30361
194     0   100943     0    30361
195     0   100943     0    30361
196     0   100943     0    30361
197     0   100943     0    30361
198     0   100943     0    30361
199     0   100943     0    30361
200     0   100943     0    30361
201     0   100943     0    30361
202     1   101145     0    30361
203     0   101145     0    30361
204     0   101145     0    30361
205     0   101145     0    30361
206     0   101145     0    30361
207     0   101145     0    30361
208     0   101145     0    30361
209     0   101145     0    30361
210     0   101145     0    30361
211     0   101145     0    30361
212     0   101145     0    30361
213     0   101145     0    30361
214     0   101145     0    30361
215     0   101145     0    30361
216     0   101145     0    30361
217     0   101145     0    30361
218     0   101145     0    30361
219     0   101145     0    30361
220     0   101145     0    30361
221     0   101145     0    30361
222     0   101145     0    30361
223     0   101145     0    30361
224     0   101145     0    30361
225     0   101145     0    30361
226     0   101145     0    30361
227     0   101145     0    30361
228     0   101145     0    30361
229     0   101145     0    30361
230     0   101145     0    30361
231     0   101145     0    30361
232     0   101145     0    30361
233     0   101145     0    30361
234     0   101145     0    30361
235     0   101145     0    30361
236     0   101145     0    30361
237     0   101145     0    30361
238     0   101145     0    30361
239     0   101145     0    30361
240     1   101385     0    30361
241     0   101385     0    30361
242     0   101385     0    30361
243     0   101385     0    30361
244     0   101385     0    30361
245     0   101385     0    30361
246     0   101385     0    30361
247     0   101385     0    30361
248     0   101385     0    30361
249     0   101385     0    30361
250     0   101385     0    30361
251     0   101385     0    30361
252     0   101385     0    30361
253     0   101385     0    30361
254     0   101385     0    30361
255     0   101385     0    30361
256     0   101385     0    30361
257     0   101385     0    30361
258     0   101385     0    30361
259     0   101385     0    30361
260     0   101385     0    30361
261     0   101385     0    30361
262     0   101385     0    30361
263     0   101385     0    30361
264     0   101385     0    30361
265     0   101385     0    30361
266     0   101385     0    30361
267     0   101385     0    30361
268     0   101385     0    30361
269     0   101385     0    30361
270     0   101385     0    30361
271     0   101385     0    30361
272     0   101385     0    30361
273     1   101658     0    30361


## Final Sample stats summary
               state  reads_raw  reads_passed_filter  refseq_mapped_reads  refseq_unmapped_reads  clusters_total  clusters_hidepth  hetero_est  error_est  reads_consens  loci_in_assembly
13_TX2016_043      7    2314090              2276699               590406                1686293          203003             10849    0.015853   0.010342           5782              3895
42_TX2016_046      7    2625730              2621504               262858                2358646           99758              4305    0.012114   0.009876           3110              2236
59_TX2016_048      7    2508914              2503578               237785                2265793           93409              3752    0.010275   0.011022           2622              1893
6_TX2017_027       7    1449142              1410321               629930                 780391          216153             12053    0.016929   0.010515           6341              3964
82_TX2016_049      7     414245               411433                90606                 320827           33984              1540    0.010552   0.009660           1282               907
8_TX2017_028       7   11423322             11371391              1762685                9608706          436346             38193    0.020348   0.010031          16997              8083
Bermuda_100        7   13257461             13232645               779220               12453425          191361             13577    0.010553   0.007429           9722              6183
Bermuda_103        7    2926800              2886892               719567                2167325          160256             11729    0.012236   0.007638           7757              5431
Bermuda_15         7    2591935              2586881               457198                2129683          120439              8626    0.012143   0.007070           5641              3928
Bermuda_19         7    1555702              1488934               593382                 895552          190964             10826    0.022148   0.010936           4390              2200
Bermuda_28         7    5478100              5466992               324328                5142664          115132              5447    0.014018   0.009286           3339              2217
Bermuda_30         7    2940245              2905831               670183                2235648          163859             11714    0.013441   0.007960           6880              4669
Bermuda_54         7    3892497              3883780               290566                3593214          114925              4860    0.015167   0.011542           2753              1783
Bermuda_55         7    6629955              6546158              1530619                5015539          313869             30146    0.018823   0.006847          15056              8339
Bermuda_63         7    1814210              1784583               488101                1296482          124526              8340    0.011183   0.009127           4987              3574
Bermuda_65         7    2975746              2966949               412329                2554620          127306              7892    0.011476   0.008933           5348              3822
Bermuda_67         7    6643315              6629904               905787                5724117          210977             19199    0.012225   0.007461          13033              6515
Bermuda_68         7    3981159              3966491               619371                3347120          187468             11088    0.013569   0.009433           6487              4569
Bermuda_69         7    8996284              8980480               885365                8095115          238693             16022    0.014360   0.008310           9339              6194
Bermuda_79         7    3444035              3433656               271141                3162515          108421              4103    0.013827   0.012212           2428              1558
Bermuda_8          7    1903198              1889715               609756                1279959          145454             10556    0.012896   0.007998           6703              4732
Bermuda_80         7   10150637             10137179               457497                9679682          159280              8152    0.011536   0.010488           5069              3426
Bermuda_81         7    1808886              1754828               708054                1046774          178380             12500    0.014281   0.009211           6936              4557
Bermuda_83         7    2573675              2541077               747667                1793410          176898             12892    0.014463   0.007027           7599              5229
Bermuda_84         7    3229842              3211476               664025                2547451          198775             11031    0.012201   0.009674           6930              4970
Bermuda_85         7    1713390              1709969               327186                1382783          107137              5721    0.010653   0.009438           4273              3140
Bermuda_94         7    3481245              3465535               359492                3106043          115528              6213    0.011000   0.008792           4422              3336
Guam_104460        7    6935928              6929513               448564                6480949           90296              7191    0.014548   0.007500           5865              3000
Guam_104461        7    6294242              6286474               356079                5930395           85791              5334    0.014680   0.008895           4184              2303
Guam_104464        7    3828726              3824148               356916                3467232           72260              5287    0.014448   0.007357           4359              2344
Guam_104465        7   12720657             12706334               811268               11895066          160025             13003    0.016428   0.007687           9585              4235
South_Africa       7    6778201              6766971               466603                6300368           88315              5621    0.015264   0.007200           4250              1770


## Alignment matrix statistics:
snps matrix size: (33, 101658), 66.36% missing sites.
sequence matrix size: (33, 3352224), 73.25% missing sites.
